"Story","Title","Result","Date","Stability","Duration (s)"
"Pruebas a pantalla de logueo","Logueo exitoso","ERROR","2020-09-10T11:30:34.271-05:00[America/Bogota]","0.0","36.54"
